0	[13.0, 12.0, 664.0833333333334, 1.0, 10.0, 613.7692307692307]
1	[2.0, 0.0, NaN, 2.0, 43.0, 43.0]
3	[5.0, 0.0, NaN, 5.0, 25.2, 25.2]
4	[40.0, 19.0, 21.736842105263158, 20.0, 15.6, 18.125]
5	[126.0, 95.0, 44.10526315789474, 31.0, 14.67741935483871, 36.86507936507937]
6	[462.0, 277.0, 31.465703971119133, 174.0, 15.14367816091954, 24.56926406926407]
7	[7339.0, 3318.0, 26.86558167570826, 3873.0, 15.218693519235735, 20.177408366262434]
8	[36300.0, 11645.0, 19.933190210390727, 24018.0, 18.860854359230576, 18.87388429752066]
9	[71534.0, 20936.0, 17.540026748184946, 49472.0, 21.108283473479947, 19.73169401962703]
10	[81157.0, 25065.0, 43.07636146020347, 54604.0, 18.734305179107757, 25.908757100434958]
11	[68780.0, 21000.0, 15.632428571428571, 46428.0, 16.562742310674594, 15.953125908694387]
12	[59044.0, 18346.0, 16.792052763545186, 39540.0, 18.43045017703591, 17.559904478016396]
13	[85284.0, 24022.0, 15.21825826325868, 59678.0, 19.132846275009218, 17.67486281131279]
14	[77342.0, 21488.0, 16.872161206254653, 54456.0, 18.68067797855149, 17.8405523518916]
15	[76290.0, 23163.0, 15.972024349177568, 51662.0, 18.13913514769076, 17.13283523397562]
16	[56361.0, 18324.0, 15.152914210870989, 36883.0, 17.60705474066643, 16.448661308351518]
17	[43294.0, 19206.0, 16.462824117463292, 23093.0, 16.157017277963018, 15.921351688455674]
18	[27919.0, 11291.0, 16.786289965459215, 16077.0, 18.40673011133918, 17.388122783767326]
19	[36887.0, 20719.0, 14.833148317969014, 15170.0, 13.156493078444297, 13.742294033128202]
20	[21989.0, 9897.0, 13.958169142164293, 11461.0, 16.530407468807258, 14.898312792760017]
21	[12063.0, 4512.0, 10.959663120567376, 7218.0, 17.007896924355776, 14.276133631766559]
22	[69.0, 20.0, 14.0, 46.0, 20.652173913043477, 17.82608695652174]
23	[16.0, 8.0, 39.375, 8.0, 22.25, 30.8125]
